TILEMAP
36 28 							-- Size of tile map in tiles
16 32 							-- Tile size & block size
images/scene3.png 	-- Tilesheet
4 2								-- Number of tiles in tilesheet
343434343434343434343434343434343434
436666666646666666666666666666666643
35        6                       74
45                                73
35                                74
45               128212121282     73
35               668666666686     74
35                 8       8      73
35                 8       8      74
35        o                       73
35    12821212121212121212121     74
35    66866666666666666666666     73
35      8                         74
35      8        a                73
35      8        1212121212121812134
35            a  6666666666666866643
34121212121212821             8   73
33666666666666866             8   73
35            8               8   73
35            8               8   73
35                                73
331812121212121212821212121212121234
436866666666466666866663666666666643
35 8        6     8    6          74
45 8              8               73
45        a                       73
341212121212121212121212      128234
436666666666666666666666      668643