TILEMAP
36 28 							-- Size of tile map in tiles
16 32 							-- Tile size & block size
images/scene4.png 	-- Tilesheet
4 2 								-- Number of tiles in tilesheet
436666666666666666666666      668643
45                              8 73
35                              8 74
45                  a             73
35        12181212121212121212121243
45        66686666666666666666666634
35           8                    74
45                                73
342128212121212112          b     73
436668666666666666     1212181212133
35   8                 6666686666644
45   8                      8     73
35           a              8     74
43121212121212128212        8     73
34666666666366668666        8     74
35         6    8           8     73
45              8           9     74
35              8      1212121218133
45              8      6666666668634
35              8               8 73
45              8               8 73
35                 a              74
431221218121212121212221211121212143
346666668666666664343434343434343434
45      8        7434343434343434343
35a     8 a     a7343434343434343434
431212128121212123434343434343434343
343434348434343434343434343434343434