TILEMAP
36 28 							-- Size of tile map in tiles
16 32 							-- Tile size & block size
images/scene4.png 	-- Tilesheet
4 2 								-- Number of tiles in tilesheet
343434348434343434343434343434343434
434343438343434343434343434343434343
343434348434343434343434343434343434
436666668666666666636666666666666643
35      8          6              73
35      8                         74
35      8    b                    73
35      8   121212181212121212121212
35      8   666666686666666666663643
45      8          8            6 73
35      8          8              74
45                 8              73
34121212121212     8              74
44666666666643     8        9     73
35          75     8   1212121212134
35          75     8   6634343434343
441812      75     8     66666666643
346866      75     8              73
35 8        75     8              73
35  a       75     8              73
34121212181245     8              73
34666666686666     8              73
35       8         8              73
35       8         8              74
45            a             p     73
431212121212121212121212121212121243
343434343434343434343434343434343434
434343434343434343434343434343434343