TILEMAP
36 28 							-- Size of tile map in tiles
16 32 							-- Tile size & block size
images/scene2.png 	-- Tilesheet
4 2 								-- Number of tiles in tilesheet
336666666666666666666666666666666634
45                                73
35                                74
432121812121212121212121212128212143
346666866666666666666666666668666634
35    8                      8    73
35    8      b               8    74
35    8    21212121212121    8    73
45         66666666636666         74
35181212121         6    12121218143
43686666666              66666668634
35 8                            8 73
45 8                            8 74
45 8                            8 73
35 8                            8 74
35 8                            8 73
35 8           o         a        73
342821212121212121212121212128212143
336866666666666666666666666668666643
35 8                         8    73
35 8                         8    73
35 8         a    3664       8    64
35 8 1212121812   5  7       8      
35 8 6666666866   6666       8      
45 8        8                8      
45                                  
341212121212121212121212121212121212
434343434343434343434343434343434343