TILEMAP
36 28 							-- Size of tile map in tiles
16 32 							-- Tile size & block size
images/scene3.png 	-- Tilesheet
4 2 								-- Number of tiles in tilesheet
35                              8 74
45                              8 73
35                  a             74
45        12181212121212121212121273
          66686666636666666666666674
             8     6              73
             8                    74
                                  73
122128212121212112          b     73
666668666666666666     1212181212173
     8                 6666686666674
     8                      8     73
             a              8     74
12121212121212128212        8     73
15666666666366668666        8     74
15         6    8           8     73
15              8           8     74
15              8           8     73
15              8           8     74
15 a               a              73
451212121212121212121212121212121273
343434343434343434343434343434343434
434343434343434343434343434343434343
343434343434343434343434343434343434
434343434343434343434343434343434343
343434343434343434343434343434343434
434343434343434343434343434343434343
343434343434343434343434343434343434