TILEMAP
36 28 							-- Size of tile map in tiles
16 32 							-- Tile size & block size
images/scene2.png 	-- Tilesheet
4 2 								-- Number of tiles in tilesheet
35      8               8         73
45      8               8         73
35      8               8         74
45      8               8         73
35      8               8         74
35      8               8         73
35      8               8         74
35      8               8         73
45      8               8         74
35      8               8         73
45      8               8         74
35      8               8         73
45a                  a            74
431212121212121212121212121812    73
343434343434343436666666666866    74
3343434343434345           8      73
3434343434343435           8      73
3466666666666666      a           73
35                  1212121212128243
35                  6666666666668643
35                              8 73
35   181212121                  8 73
35   686666666                  8 73
35    8                         8 74
45    8                         8 73
45                 a              73
343434343434343434343434343434343434
434343434343434343434343434343434343