TILEMAP
36 28 							-- Size of tile map in tiles
16 32 							-- Tile size & block size
images/scene2.png 	-- Tilesheet
4 2 								-- Number of tiles in tilesheet
35      8               8         34
45      8               8         43
35      8               8         34
45      8               8         73
35      8               8         74
45      8               8         73
35      8               8         74
45      8               8         73
35      8               8         74
45      8               8         73
35      8      a        8         74
45      8     1218121212121212121273
35      8     6668666643433434344334
45      8        8    74343433434343
35      8        8    73434344343434
45      8        8    63434344343433
35      8        8     6666666666644
45      8        8                73
35      8        8                74
45      8                  a      73
35      8      121121218121212121243
45      8      666666668666666666634
35      8              8          73
45      8              8          74
35      8              8          73
45      8              8          74
35      8              8          73
45      8              8          74